(0, 0, 0, 0, 0, 0): Stat(),
(0, 0, 0, 0, 0, 1): Stat(),
(0, 0, 0, 0, 0, 2): Stat(),
(0, 0, 0, 0, 1, 0): Stat(),
(0, 0, 0, 0, 1, 1): Stat(),
(0, 0, 0, 0, 1, 2): Stat(),
(0, 0, 0, 0, 2, 0): Stat(),
(0, 0, 0, 0, 2, 1): Stat(),
(0, 0, 0, 0, 2, 2): Stat(),
(0, 0, 0, 1, 0, 0): Stat(),
(0, 0, 0, 1, 0, 1): Stat(),
(0, 0, 0, 1, 0, 2): Stat(),
(0, 0, 0, 1, 1, 0): Stat(),
(0, 0, 0, 1, 1, 1): Stat(),
(0, 0, 0, 1, 1, 2): Stat(),
(0, 0, 0, 1, 2, 0): Stat(),
(0, 0, 0, 1, 2, 1): Stat(),
(0, 0, 0, 1, 2, 2): Stat(),
(0, 0, 0, 2, 0, 0): Stat(),
(0, 0, 0, 2, 0, 1): Stat(),
(0, 0, 0, 2, 0, 2): Stat(),
(0, 0, 0, 2, 1, 0): Stat(),
(0, 0, 0, 2, 1, 1): Stat(),
(0, 0, 0, 2, 1, 2): Stat(),
(0, 0, 0, 2, 2, 0): Stat(),
(0, 0, 0, 2, 2, 1): Stat(),
(0, 0, 0, 2, 2, 2): Stat(),
(0, 0, 1, 0, 0, 0): Stat(),
(0, 0, 1, 0, 0, 1): Stat(),
(0, 0, 1, 0, 0, 2): Stat(),
(0, 0, 1, 0, 1, 0): Stat(),
(0, 0, 1, 0, 1, 1): Stat(),
(0, 0, 1, 0, 1, 2): Stat(),
(0, 0, 1, 0, 2, 0): Stat(),
(0, 0, 1, 0, 2, 1): Stat(),
(0, 0, 1, 0, 2, 2): Stat(),
(0, 0, 1, 1, 0, 0): Stat(),
(0, 0, 1, 1, 0, 1): Stat(),
(0, 0, 1, 1, 0, 2): Stat(),
(0, 0, 1, 1, 1, 0): Stat(),
(0, 0, 1, 1, 1, 1): Stat(),
(0, 0, 1, 1, 1, 2): Stat(),
(0, 0, 1, 1, 2, 0): Stat(),
(0, 0, 1, 1, 2, 1): Stat(),
(0, 0, 1, 1, 2, 2): Stat(),
(0, 0, 1, 2, 0, 0): Stat(),
(0, 0, 1, 2, 0, 1): Stat(),
(0, 0, 1, 2, 0, 2): Stat(),
(0, 0, 1, 2, 1, 0): Stat(),
(0, 0, 1, 2, 1, 1): Stat(),
(0, 0, 1, 2, 1, 2): Stat(),
(0, 0, 1, 2, 2, 0): Stat(),
(0, 0, 1, 2, 2, 1): Stat(),
(0, 0, 1, 2, 2, 2): Stat(),
(0, 0, 2, 0, 0, 0): Stat(),
(0, 0, 2, 0, 0, 1): Stat(),
(0, 0, 2, 0, 0, 2): Stat(),
(0, 0, 2, 0, 1, 0): Stat(),
(0, 0, 2, 0, 1, 1): Stat(),
(0, 0, 2, 0, 1, 2): Stat(),
(0, 0, 2, 0, 2, 0): Stat(),
(0, 0, 2, 0, 2, 1): Stat(),
(0, 0, 2, 0, 2, 2): Stat(),
(0, 0, 2, 1, 0, 0): Stat(),
(0, 0, 2, 1, 0, 1): Stat(),
(0, 0, 2, 1, 0, 2): Stat(),
(0, 0, 2, 1, 1, 0): Stat(),
(0, 0, 2, 1, 1, 1): Stat(),
(0, 0, 2, 1, 1, 2): Stat(),
(0, 0, 2, 1, 2, 0): Stat(),
(0, 0, 2, 1, 2, 1): Stat(),
(0, 0, 2, 1, 2, 2): Stat(),
(0, 0, 2, 2, 0, 0): Stat(),
(0, 0, 2, 2, 0, 1): Stat(),
(0, 0, 2, 2, 0, 2): Stat(),
(0, 0, 2, 2, 1, 0): Stat(),
(0, 0, 2, 2, 1, 1): Stat(),
(0, 0, 2, 2, 1, 2): Stat(),
(0, 0, 2, 2, 2, 0): Stat(),
(0, 0, 2, 2, 2, 1): Stat(),
(0, 0, 2, 2, 2, 2): Stat(),
(0, 1, 0, 0, 0, 0): Stat(),
(0, 1, 0, 0, 0, 1): Stat(),
(0, 1, 0, 0, 0, 2): Stat(),
(0, 1, 0, 0, 1, 0): Stat(),
(0, 1, 0, 0, 1, 1): Stat(),
(0, 1, 0, 0, 1, 2): Stat(),
(0, 1, 0, 0, 2, 0): Stat(),
(0, 1, 0, 0, 2, 1): Stat(),
(0, 1, 0, 0, 2, 2): Stat(),
(0, 1, 0, 1, 0, 0): Stat(),
(0, 1, 0, 1, 0, 1): Stat(),
(0, 1, 0, 1, 0, 2): Stat(),
(0, 1, 0, 1, 1, 0): Stat(),
(0, 1, 0, 1, 1, 1): Stat(),
(0, 1, 0, 1, 1, 2): Stat(),
(0, 1, 0, 1, 2, 0): Stat(),
(0, 1, 0, 1, 2, 1): Stat(),
(0, 1, 0, 1, 2, 2): Stat(),
(0, 1, 0, 2, 0, 0): Stat(),
(0, 1, 0, 2, 0, 1): Stat(),
(0, 1, 0, 2, 0, 2): Stat(),
(0, 1, 0, 2, 1, 0): Stat(),
(0, 1, 0, 2, 1, 1): Stat(),
(0, 1, 0, 2, 1, 2): Stat(),
(0, 1, 0, 2, 2, 0): Stat(),
(0, 1, 0, 2, 2, 1): Stat(),
(0, 1, 0, 2, 2, 2): Stat(),
(0, 1, 1, 0, 0, 0): Stat(),
(0, 1, 1, 0, 0, 1): Stat(),
(0, 1, 1, 0, 0, 2): Stat(),
(0, 1, 1, 0, 1, 0): Stat(),
(0, 1, 1, 0, 1, 1): Stat(),
(0, 1, 1, 0, 1, 2): Stat(),
(0, 1, 1, 0, 2, 0): Stat(),
(0, 1, 1, 0, 2, 1): Stat(),
(0, 1, 1, 0, 2, 2): Stat(),
(0, 1, 1, 1, 0, 0): Stat(),
(0, 1, 1, 1, 0, 1): Stat(),
(0, 1, 1, 1, 0, 2): Stat(),
(0, 1, 1, 1, 1, 0): Stat(),
(0, 1, 1, 1, 1, 1): Stat(),
(0, 1, 1, 1, 1, 2): Stat(),
(0, 1, 1, 1, 2, 0): Stat(),
(0, 1, 1, 1, 2, 1): Stat(),
(0, 1, 1, 1, 2, 2): Stat(),
(0, 1, 1, 2, 0, 0): Stat(),
(0, 1, 1, 2, 0, 1): Stat(),
(0, 1, 1, 2, 0, 2): Stat(),
(0, 1, 1, 2, 1, 0): Stat(),
(0, 1, 1, 2, 1, 1): Stat(),
(0, 1, 1, 2, 1, 2): Stat(),
(0, 1, 1, 2, 2, 0): Stat(),
(0, 1, 1, 2, 2, 1): Stat(),
(0, 1, 1, 2, 2, 2): Stat(),
(0, 1, 2, 0, 0, 0): Stat(),
(0, 1, 2, 0, 0, 1): Stat(),
(0, 1, 2, 0, 0, 2): Stat(),
(0, 1, 2, 0, 1, 0): Stat(),
(0, 1, 2, 0, 1, 1): Stat(),
(0, 1, 2, 0, 1, 2): Stat(),
(0, 1, 2, 0, 2, 0): Stat(),
(0, 1, 2, 0, 2, 1): Stat(),
(0, 1, 2, 0, 2, 2): Stat(),
(0, 1, 2, 1, 0, 0): Stat(),
(0, 1, 2, 1, 0, 1): Stat(),
(0, 1, 2, 1, 0, 2): Stat(),
(0, 1, 2, 1, 1, 0): Stat(),
(0, 1, 2, 1, 1, 1): Stat(),
(0, 1, 2, 1, 1, 2): Stat(),
(0, 1, 2, 1, 2, 0): Stat(),
(0, 1, 2, 1, 2, 1): Stat(),
(0, 1, 2, 1, 2, 2): Stat(),
(0, 1, 2, 2, 0, 0): Stat(),
(0, 1, 2, 2, 0, 1): Stat(),
(0, 1, 2, 2, 0, 2): Stat(),
(0, 1, 2, 2, 1, 0): Stat(),
(0, 1, 2, 2, 1, 1): Stat(),
(0, 1, 2, 2, 1, 2): Stat(),
(0, 1, 2, 2, 2, 0): Stat(),
(0, 1, 2, 2, 2, 1): Stat(),
(0, 1, 2, 2, 2, 2): Stat(),
(0, 2, 0, 0, 0, 0): Stat(),
(0, 2, 0, 0, 0, 1): Stat(),
(0, 2, 0, 0, 0, 2): Stat(),
(0, 2, 0, 0, 1, 0): Stat(),
(0, 2, 0, 0, 1, 1): Stat(),
(0, 2, 0, 0, 1, 2): Stat(),
(0, 2, 0, 0, 2, 0): Stat(),
(0, 2, 0, 0, 2, 1): Stat(),
(0, 2, 0, 0, 2, 2): Stat(),
(0, 2, 0, 1, 0, 0): Stat(),
(0, 2, 0, 1, 0, 1): Stat(),
(0, 2, 0, 1, 0, 2): Stat(),
(0, 2, 0, 1, 1, 0): Stat(),
(0, 2, 0, 1, 1, 1): Stat(),
(0, 2, 0, 1, 1, 2): Stat(),
(0, 2, 0, 1, 2, 0): Stat(),
(0, 2, 0, 1, 2, 1): Stat(),
(0, 2, 0, 1, 2, 2): Stat(),
(0, 2, 0, 2, 0, 0): Stat(),
(0, 2, 0, 2, 0, 1): Stat(),
(0, 2, 0, 2, 0, 2): Stat(),
(0, 2, 0, 2, 1, 0): Stat(),
(0, 2, 0, 2, 1, 1): Stat(),
(0, 2, 0, 2, 1, 2): Stat(),
(0, 2, 0, 2, 2, 0): Stat(),
(0, 2, 0, 2, 2, 1): Stat(),
(0, 2, 0, 2, 2, 2): Stat(),
(0, 2, 1, 0, 0, 0): Stat(),
(0, 2, 1, 0, 0, 1): Stat(),
(0, 2, 1, 0, 0, 2): Stat(),
(0, 2, 1, 0, 1, 0): Stat(),
(0, 2, 1, 0, 1, 1): Stat(),
(0, 2, 1, 0, 1, 2): Stat(),
(0, 2, 1, 0, 2, 0): Stat(),
(0, 2, 1, 0, 2, 1): Stat(),
(0, 2, 1, 0, 2, 2): Stat(),
(0, 2, 1, 1, 0, 0): Stat(),
(0, 2, 1, 1, 0, 1): Stat(),
(0, 2, 1, 1, 0, 2): Stat(),
(0, 2, 1, 1, 1, 0): Stat(),
(0, 2, 1, 1, 1, 1): Stat(),
(0, 2, 1, 1, 1, 2): Stat(),
(0, 2, 1, 1, 2, 0): Stat(),
(0, 2, 1, 1, 2, 1): Stat(),
(0, 2, 1, 1, 2, 2): Stat(),
(0, 2, 1, 2, 0, 0): Stat(),
(0, 2, 1, 2, 0, 1): Stat(),
(0, 2, 1, 2, 0, 2): Stat(),
(0, 2, 1, 2, 1, 0): Stat(),
(0, 2, 1, 2, 1, 1): Stat(),
(0, 2, 1, 2, 1, 2): Stat(),
(0, 2, 1, 2, 2, 0): Stat(),
(0, 2, 1, 2, 2, 1): Stat(),
(0, 2, 1, 2, 2, 2): Stat(),
(0, 2, 2, 0, 0, 0): Stat(),
(0, 2, 2, 0, 0, 1): Stat(),
(0, 2, 2, 0, 0, 2): Stat(),
(0, 2, 2, 0, 1, 0): Stat(),
(0, 2, 2, 0, 1, 1): Stat(),
(0, 2, 2, 0, 1, 2): Stat(),
(0, 2, 2, 0, 2, 0): Stat(),
(0, 2, 2, 0, 2, 1): Stat(),
(0, 2, 2, 0, 2, 2): Stat(),
(0, 2, 2, 1, 0, 0): Stat(),
(0, 2, 2, 1, 0, 1): Stat(),
(0, 2, 2, 1, 0, 2): Stat(),
(0, 2, 2, 1, 1, 0): Stat(),
(0, 2, 2, 1, 1, 1): Stat(),
(0, 2, 2, 1, 1, 2): Stat(),
(0, 2, 2, 1, 2, 0): Stat(),
(0, 2, 2, 1, 2, 1): Stat(),
(0, 2, 2, 1, 2, 2): Stat(),
(0, 2, 2, 2, 0, 0): Stat(),
(0, 2, 2, 2, 0, 1): Stat(),
(0, 2, 2, 2, 0, 2): Stat(),
(0, 2, 2, 2, 1, 0): Stat(),
(0, 2, 2, 2, 1, 1): Stat(),
(0, 2, 2, 2, 1, 2): Stat(),
(0, 2, 2, 2, 2, 0): Stat(),
(0, 2, 2, 2, 2, 1): Stat(),
(0, 2, 2, 2, 2, 2): Stat(),
(1, 0, 0, 0, 0, 0): Stat(),
(1, 0, 0, 0, 0, 1): Stat(),
(1, 0, 0, 0, 0, 2): Stat(),
(1, 0, 0, 0, 1, 0): Stat(),
(1, 0, 0, 0, 1, 1): Stat(),
(1, 0, 0, 0, 1, 2): Stat(),
(1, 0, 0, 0, 2, 0): Stat(),
(1, 0, 0, 0, 2, 1): Stat(),
(1, 0, 0, 0, 2, 2): Stat(),
(1, 0, 0, 1, 0, 0): Stat(),
(1, 0, 0, 1, 0, 1): Stat(),
(1, 0, 0, 1, 0, 2): Stat(),
(1, 0, 0, 1, 1, 0): Stat(),
(1, 0, 0, 1, 1, 1): Stat(),
(1, 0, 0, 1, 1, 2): Stat(),
(1, 0, 0, 1, 2, 0): Stat(),
(1, 0, 0, 1, 2, 1): Stat(),
(1, 0, 0, 1, 2, 2): Stat(),
(1, 0, 0, 2, 0, 0): Stat(),
(1, 0, 0, 2, 0, 1): Stat(),
(1, 0, 0, 2, 0, 2): Stat(),
(1, 0, 0, 2, 1, 0): Stat(),
(1, 0, 0, 2, 1, 1): Stat(),
(1, 0, 0, 2, 1, 2): Stat(),
(1, 0, 0, 2, 2, 0): Stat(),
(1, 0, 0, 2, 2, 1): Stat(),
(1, 0, 0, 2, 2, 2): Stat(),
(1, 0, 1, 0, 0, 0): Stat(),
(1, 0, 1, 0, 0, 1): Stat(),
(1, 0, 1, 0, 0, 2): Stat(),
(1, 0, 1, 0, 1, 0): Stat(),
(1, 0, 1, 0, 1, 1): Stat(),
(1, 0, 1, 0, 1, 2): Stat(),
(1, 0, 1, 0, 2, 0): Stat(),
(1, 0, 1, 0, 2, 1): Stat(),
(1, 0, 1, 0, 2, 2): Stat(),
(1, 0, 1, 1, 0, 0): Stat(),
(1, 0, 1, 1, 0, 1): Stat(),
(1, 0, 1, 1, 0, 2): Stat(),
(1, 0, 1, 1, 1, 0): Stat(),
(1, 0, 1, 1, 1, 1): Stat(),
(1, 0, 1, 1, 1, 2): Stat(),
(1, 0, 1, 1, 2, 0): Stat(),
(1, 0, 1, 1, 2, 1): Stat(),
(1, 0, 1, 1, 2, 2): Stat(),
(1, 0, 1, 2, 0, 0): Stat(),
(1, 0, 1, 2, 0, 1): Stat(),
(1, 0, 1, 2, 0, 2): Stat(),
(1, 0, 1, 2, 1, 0): Stat(),
(1, 0, 1, 2, 1, 1): Stat(),
(1, 0, 1, 2, 1, 2): Stat(),
(1, 0, 1, 2, 2, 0): Stat(),
(1, 0, 1, 2, 2, 1): Stat(),
(1, 0, 1, 2, 2, 2): Stat(),
(1, 0, 2, 0, 0, 0): Stat(),
(1, 0, 2, 0, 0, 1): Stat(),
(1, 0, 2, 0, 0, 2): Stat(),
(1, 0, 2, 0, 1, 0): Stat(),
(1, 0, 2, 0, 1, 1): Stat(),
(1, 0, 2, 0, 1, 2): Stat(),
(1, 0, 2, 0, 2, 0): Stat(),
(1, 0, 2, 0, 2, 1): Stat(),
(1, 0, 2, 0, 2, 2): Stat(),
(1, 0, 2, 1, 0, 0): Stat(),
(1, 0, 2, 1, 0, 1): Stat(),
(1, 0, 2, 1, 0, 2): Stat(),
(1, 0, 2, 1, 1, 0): Stat(),
(1, 0, 2, 1, 1, 1): Stat(),
(1, 0, 2, 1, 1, 2): Stat(),
(1, 0, 2, 1, 2, 0): Stat(),
(1, 0, 2, 1, 2, 1): Stat(),
(1, 0, 2, 1, 2, 2): Stat(),
(1, 0, 2, 2, 0, 0): Stat(),
(1, 0, 2, 2, 0, 1): Stat(),
(1, 0, 2, 2, 0, 2): Stat(),
(1, 0, 2, 2, 1, 0): Stat(),
(1, 0, 2, 2, 1, 1): Stat(),
(1, 0, 2, 2, 1, 2): Stat(),
(1, 0, 2, 2, 2, 0): Stat(),
(1, 0, 2, 2, 2, 1): Stat(),
(1, 0, 2, 2, 2, 2): Stat(),
(1, 1, 0, 0, 0, 0): Stat(),
(1, 1, 0, 0, 0, 1): Stat(),
(1, 1, 0, 0, 0, 2): Stat(),
(1, 1, 0, 0, 1, 0): Stat(),
(1, 1, 0, 0, 1, 1): Stat(),
(1, 1, 0, 0, 1, 2): Stat(),
(1, 1, 0, 0, 2, 0): Stat(),
(1, 1, 0, 0, 2, 1): Stat(),
(1, 1, 0, 0, 2, 2): Stat(),
(1, 1, 0, 1, 0, 0): Stat(),
(1, 1, 0, 1, 0, 1): Stat(),
(1, 1, 0, 1, 0, 2): Stat(),
(1, 1, 0, 1, 1, 0): Stat(),
(1, 1, 0, 1, 1, 1): Stat(),
(1, 1, 0, 1, 1, 2): Stat(),
(1, 1, 0, 1, 2, 0): Stat(),
(1, 1, 0, 1, 2, 1): Stat(),
(1, 1, 0, 1, 2, 2): Stat(),
(1, 1, 0, 2, 0, 0): Stat(),
(1, 1, 0, 2, 0, 1): Stat(),
(1, 1, 0, 2, 0, 2): Stat(),
(1, 1, 0, 2, 1, 0): Stat(),
(1, 1, 0, 2, 1, 1): Stat(),
(1, 1, 0, 2, 1, 2): Stat(),
(1, 1, 0, 2, 2, 0): Stat(),
(1, 1, 0, 2, 2, 1): Stat(),
(1, 1, 0, 2, 2, 2): Stat(),
(1, 1, 1, 0, 0, 0): Stat(),
(1, 1, 1, 0, 0, 1): Stat(),
(1, 1, 1, 0, 0, 2): Stat(),
(1, 1, 1, 0, 1, 0): Stat(),
(1, 1, 1, 0, 1, 1): Stat(),
(1, 1, 1, 0, 1, 2): Stat(),
(1, 1, 1, 0, 2, 0): Stat(),
(1, 1, 1, 0, 2, 1): Stat(),
(1, 1, 1, 0, 2, 2): Stat(),
(1, 1, 1, 1, 0, 0): Stat(),
(1, 1, 1, 1, 0, 1): Stat(),
(1, 1, 1, 1, 0, 2): Stat(),
(1, 1, 1, 1, 1, 0): Stat(),
(1, 1, 1, 1, 1, 1): Stat(),
(1, 1, 1, 1, 1, 2): Stat(),
(1, 1, 1, 1, 2, 0): Stat(),
(1, 1, 1, 1, 2, 1): Stat(),
(1, 1, 1, 1, 2, 2): Stat(),
(1, 1, 1, 2, 0, 0): Stat(),
(1, 1, 1, 2, 0, 1): Stat(),
(1, 1, 1, 2, 0, 2): Stat(),
(1, 1, 1, 2, 1, 0): Stat(),
(1, 1, 1, 2, 1, 1): Stat(),
(1, 1, 1, 2, 1, 2): Stat(),
(1, 1, 1, 2, 2, 0): Stat(),
(1, 1, 1, 2, 2, 1): Stat(),
(1, 1, 1, 2, 2, 2): Stat(),
(1, 1, 2, 0, 0, 0): Stat(),
(1, 1, 2, 0, 0, 1): Stat(),
(1, 1, 2, 0, 0, 2): Stat(),
(1, 1, 2, 0, 1, 0): Stat(),
(1, 1, 2, 0, 1, 1): Stat(),
(1, 1, 2, 0, 1, 2): Stat(),
(1, 1, 2, 0, 2, 0): Stat(),
(1, 1, 2, 0, 2, 1): Stat(),
(1, 1, 2, 0, 2, 2): Stat(),
(1, 1, 2, 1, 0, 0): Stat(),
(1, 1, 2, 1, 0, 1): Stat(),
(1, 1, 2, 1, 0, 2): Stat(),
(1, 1, 2, 1, 1, 0): Stat(),
(1, 1, 2, 1, 1, 1): Stat(),
(1, 1, 2, 1, 1, 2): Stat(),
(1, 1, 2, 1, 2, 0): Stat(),
(1, 1, 2, 1, 2, 1): Stat(),
(1, 1, 2, 1, 2, 2): Stat(),
(1, 1, 2, 2, 0, 0): Stat(),
(1, 1, 2, 2, 0, 1): Stat(),
(1, 1, 2, 2, 0, 2): Stat(),
(1, 1, 2, 2, 1, 0): Stat(),
(1, 1, 2, 2, 1, 1): Stat(),
(1, 1, 2, 2, 1, 2): Stat(),
(1, 1, 2, 2, 2, 0): Stat(),
(1, 1, 2, 2, 2, 1): Stat(),
(1, 1, 2, 2, 2, 2): Stat(),
(1, 2, 0, 0, 0, 0): Stat(),
(1, 2, 0, 0, 0, 1): Stat(),
(1, 2, 0, 0, 0, 2): Stat(),
(1, 2, 0, 0, 1, 0): Stat(),
(1, 2, 0, 0, 1, 1): Stat(),
(1, 2, 0, 0, 1, 2): Stat(),
(1, 2, 0, 0, 2, 0): Stat(),
(1, 2, 0, 0, 2, 1): Stat(),
(1, 2, 0, 0, 2, 2): Stat(),
(1, 2, 0, 1, 0, 0): Stat(),
(1, 2, 0, 1, 0, 1): Stat(),
(1, 2, 0, 1, 0, 2): Stat(),
(1, 2, 0, 1, 1, 0): Stat(),
(1, 2, 0, 1, 1, 1): Stat(),
(1, 2, 0, 1, 1, 2): Stat(),
(1, 2, 0, 1, 2, 0): Stat(),
(1, 2, 0, 1, 2, 1): Stat(),
(1, 2, 0, 1, 2, 2): Stat(),
(1, 2, 0, 2, 0, 0): Stat(),
(1, 2, 0, 2, 0, 1): Stat(),
(1, 2, 0, 2, 0, 2): Stat(),
(1, 2, 0, 2, 1, 0): Stat(),
(1, 2, 0, 2, 1, 1): Stat(),
(1, 2, 0, 2, 1, 2): Stat(),
(1, 2, 0, 2, 2, 0): Stat(),
(1, 2, 0, 2, 2, 1): Stat(),
(1, 2, 0, 2, 2, 2): Stat(),
(1, 2, 1, 0, 0, 0): Stat(),
(1, 2, 1, 0, 0, 1): Stat(),
(1, 2, 1, 0, 0, 2): Stat(),
(1, 2, 1, 0, 1, 0): Stat(),
(1, 2, 1, 0, 1, 1): Stat(),
(1, 2, 1, 0, 1, 2): Stat(),
(1, 2, 1, 0, 2, 0): Stat(),
(1, 2, 1, 0, 2, 1): Stat(),
(1, 2, 1, 0, 2, 2): Stat(),
(1, 2, 1, 1, 0, 0): Stat(),
(1, 2, 1, 1, 0, 1): Stat(),
(1, 2, 1, 1, 0, 2): Stat(),
(1, 2, 1, 1, 1, 0): Stat(),
(1, 2, 1, 1, 1, 1): Stat(),
(1, 2, 1, 1, 1, 2): Stat(),
(1, 2, 1, 1, 2, 0): Stat(),
(1, 2, 1, 1, 2, 1): Stat(),
(1, 2, 1, 1, 2, 2): Stat(),
(1, 2, 1, 2, 0, 0): Stat(),
(1, 2, 1, 2, 0, 1): Stat(),
(1, 2, 1, 2, 0, 2): Stat(),
(1, 2, 1, 2, 1, 0): Stat(),
(1, 2, 1, 2, 1, 1): Stat(),
(1, 2, 1, 2, 1, 2): Stat(),
(1, 2, 1, 2, 2, 0): Stat(),
(1, 2, 1, 2, 2, 1): Stat(),
(1, 2, 1, 2, 2, 2): Stat(),
(1, 2, 2, 0, 0, 0): Stat(),
(1, 2, 2, 0, 0, 1): Stat(),
(1, 2, 2, 0, 0, 2): Stat(),
(1, 2, 2, 0, 1, 0): Stat(),
(1, 2, 2, 0, 1, 1): Stat(),
(1, 2, 2, 0, 1, 2): Stat(),
(1, 2, 2, 0, 2, 0): Stat(),
(1, 2, 2, 0, 2, 1): Stat(),
(1, 2, 2, 0, 2, 2): Stat(),
(1, 2, 2, 1, 0, 0): Stat(),
(1, 2, 2, 1, 0, 1): Stat(),
(1, 2, 2, 1, 0, 2): Stat(),
(1, 2, 2, 1, 1, 0): Stat(),
(1, 2, 2, 1, 1, 1): Stat(),
(1, 2, 2, 1, 1, 2): Stat(),
(1, 2, 2, 1, 2, 0): Stat(),
(1, 2, 2, 1, 2, 1): Stat(),
(1, 2, 2, 1, 2, 2): Stat(),
(1, 2, 2, 2, 0, 0): Stat(),
(1, 2, 2, 2, 0, 1): Stat(),
(1, 2, 2, 2, 0, 2): Stat(),
(1, 2, 2, 2, 1, 0): Stat(),
(1, 2, 2, 2, 1, 1): Stat(),
(1, 2, 2, 2, 1, 2): Stat(),
(1, 2, 2, 2, 2, 0): Stat(),
(1, 2, 2, 2, 2, 1): Stat(),
(1, 2, 2, 2, 2, 2): Stat(),
(2, 0, 0, 0, 0, 0): Stat(),
(2, 0, 0, 0, 0, 1): Stat(),
(2, 0, 0, 0, 0, 2): Stat(),
(2, 0, 0, 0, 1, 0): Stat(),
(2, 0, 0, 0, 1, 1): Stat(),
(2, 0, 0, 0, 1, 2): Stat(),
(2, 0, 0, 0, 2, 0): Stat(),
(2, 0, 0, 0, 2, 1): Stat(),
(2, 0, 0, 0, 2, 2): Stat(),
(2, 0, 0, 1, 0, 0): Stat(),
(2, 0, 0, 1, 0, 1): Stat(),
(2, 0, 0, 1, 0, 2): Stat(),
(2, 0, 0, 1, 1, 0): Stat(),
(2, 0, 0, 1, 1, 1): Stat(),
(2, 0, 0, 1, 1, 2): Stat(),
(2, 0, 0, 1, 2, 0): Stat(),
(2, 0, 0, 1, 2, 1): Stat(),
(2, 0, 0, 1, 2, 2): Stat(),
(2, 0, 0, 2, 0, 0): Stat(),
(2, 0, 0, 2, 0, 1): Stat(),
(2, 0, 0, 2, 0, 2): Stat(),
(2, 0, 0, 2, 1, 0): Stat(),
(2, 0, 0, 2, 1, 1): Stat(),
(2, 0, 0, 2, 1, 2): Stat(),
(2, 0, 0, 2, 2, 0): Stat(),
(2, 0, 0, 2, 2, 1): Stat(),
(2, 0, 0, 2, 2, 2): Stat(),
(2, 0, 1, 0, 0, 0): Stat(),
(2, 0, 1, 0, 0, 1): Stat(),
(2, 0, 1, 0, 0, 2): Stat(),
(2, 0, 1, 0, 1, 0): Stat(),
(2, 0, 1, 0, 1, 1): Stat(),
(2, 0, 1, 0, 1, 2): Stat(),
(2, 0, 1, 0, 2, 0): Stat(),
(2, 0, 1, 0, 2, 1): Stat(),
(2, 0, 1, 0, 2, 2): Stat(),
(2, 0, 1, 1, 0, 0): Stat(),
(2, 0, 1, 1, 0, 1): Stat(),
(2, 0, 1, 1, 0, 2): Stat(),
(2, 0, 1, 1, 1, 0): Stat(),
(2, 0, 1, 1, 1, 1): Stat(),
(2, 0, 1, 1, 1, 2): Stat(),
(2, 0, 1, 1, 2, 0): Stat(),
(2, 0, 1, 1, 2, 1): Stat(),
(2, 0, 1, 1, 2, 2): Stat(),
(2, 0, 1, 2, 0, 0): Stat(),
(2, 0, 1, 2, 0, 1): Stat(),
(2, 0, 1, 2, 0, 2): Stat(),
(2, 0, 1, 2, 1, 0): Stat(),
(2, 0, 1, 2, 1, 1): Stat(),
(2, 0, 1, 2, 1, 2): Stat(),
(2, 0, 1, 2, 2, 0): Stat(),
(2, 0, 1, 2, 2, 1): Stat(),
(2, 0, 1, 2, 2, 2): Stat(),
(2, 0, 2, 0, 0, 0): Stat(),
(2, 0, 2, 0, 0, 1): Stat(),
(2, 0, 2, 0, 0, 2): Stat(),
(2, 0, 2, 0, 1, 0): Stat(),
(2, 0, 2, 0, 1, 1): Stat(),
(2, 0, 2, 0, 1, 2): Stat(),
(2, 0, 2, 0, 2, 0): Stat(),
(2, 0, 2, 0, 2, 1): Stat(),
(2, 0, 2, 0, 2, 2): Stat(),
(2, 0, 2, 1, 0, 0): Stat(),
(2, 0, 2, 1, 0, 1): Stat(),
(2, 0, 2, 1, 0, 2): Stat(),
(2, 0, 2, 1, 1, 0): Stat(),
(2, 0, 2, 1, 1, 1): Stat(),
(2, 0, 2, 1, 1, 2): Stat(),
(2, 0, 2, 1, 2, 0): Stat(),
(2, 0, 2, 1, 2, 1): Stat(),
(2, 0, 2, 1, 2, 2): Stat(),
(2, 0, 2, 2, 0, 0): Stat(),
(2, 0, 2, 2, 0, 1): Stat(),
(2, 0, 2, 2, 0, 2): Stat(),
(2, 0, 2, 2, 1, 0): Stat(),
(2, 0, 2, 2, 1, 1): Stat(),
(2, 0, 2, 2, 1, 2): Stat(),
(2, 0, 2, 2, 2, 0): Stat(),
(2, 0, 2, 2, 2, 1): Stat(),
(2, 0, 2, 2, 2, 2): Stat(),
(2, 1, 0, 0, 0, 0): Stat(),
(2, 1, 0, 0, 0, 1): Stat(),
(2, 1, 0, 0, 0, 2): Stat(),
(2, 1, 0, 0, 1, 0): Stat(),
(2, 1, 0, 0, 1, 1): Stat(),
(2, 1, 0, 0, 1, 2): Stat(),
(2, 1, 0, 0, 2, 0): Stat(),
(2, 1, 0, 0, 2, 1): Stat(),
(2, 1, 0, 0, 2, 2): Stat(),
(2, 1, 0, 1, 0, 0): Stat(),
(2, 1, 0, 1, 0, 1): Stat(),
(2, 1, 0, 1, 0, 2): Stat(),
(2, 1, 0, 1, 1, 0): Stat(),
(2, 1, 0, 1, 1, 1): Stat(),
(2, 1, 0, 1, 1, 2): Stat(),
(2, 1, 0, 1, 2, 0): Stat(),
(2, 1, 0, 1, 2, 1): Stat(),
(2, 1, 0, 1, 2, 2): Stat(),
(2, 1, 0, 2, 0, 0): Stat(),
(2, 1, 0, 2, 0, 1): Stat(),
(2, 1, 0, 2, 0, 2): Stat(),
(2, 1, 0, 2, 1, 0): Stat(),
(2, 1, 0, 2, 1, 1): Stat(),
(2, 1, 0, 2, 1, 2): Stat(),
(2, 1, 0, 2, 2, 0): Stat(),
(2, 1, 0, 2, 2, 1): Stat(),
(2, 1, 0, 2, 2, 2): Stat(),
(2, 1, 1, 0, 0, 0): Stat(),
(2, 1, 1, 0, 0, 1): Stat(),
(2, 1, 1, 0, 0, 2): Stat(),
(2, 1, 1, 0, 1, 0): Stat(),
(2, 1, 1, 0, 1, 1): Stat(),
(2, 1, 1, 0, 1, 2): Stat(),
(2, 1, 1, 0, 2, 0): Stat(),
(2, 1, 1, 0, 2, 1): Stat(),
(2, 1, 1, 0, 2, 2): Stat(),
(2, 1, 1, 1, 0, 0): Stat(),
(2, 1, 1, 1, 0, 1): Stat(),
(2, 1, 1, 1, 0, 2): Stat(),
(2, 1, 1, 1, 1, 0): Stat(),
(2, 1, 1, 1, 1, 1): Stat(),
(2, 1, 1, 1, 1, 2): Stat(),
(2, 1, 1, 1, 2, 0): Stat(),
(2, 1, 1, 1, 2, 1): Stat(),
(2, 1, 1, 1, 2, 2): Stat(),
(2, 1, 1, 2, 0, 0): Stat(),
(2, 1, 1, 2, 0, 1): Stat(),
(2, 1, 1, 2, 0, 2): Stat(),
(2, 1, 1, 2, 1, 0): Stat(),
(2, 1, 1, 2, 1, 1): Stat(),
(2, 1, 1, 2, 1, 2): Stat(),
(2, 1, 1, 2, 2, 0): Stat(),
(2, 1, 1, 2, 2, 1): Stat(),
(2, 1, 1, 2, 2, 2): Stat(),
(2, 1, 2, 0, 0, 0): Stat(),
(2, 1, 2, 0, 0, 1): Stat(),
(2, 1, 2, 0, 0, 2): Stat(),
(2, 1, 2, 0, 1, 0): Stat(),
(2, 1, 2, 0, 1, 1): Stat(),
(2, 1, 2, 0, 1, 2): Stat(),
(2, 1, 2, 0, 2, 0): Stat(),
(2, 1, 2, 0, 2, 1): Stat(),
(2, 1, 2, 0, 2, 2): Stat(),
(2, 1, 2, 1, 0, 0): Stat(),
(2, 1, 2, 1, 0, 1): Stat(),
(2, 1, 2, 1, 0, 2): Stat(),
(2, 1, 2, 1, 1, 0): Stat(),
(2, 1, 2, 1, 1, 1): Stat(),
(2, 1, 2, 1, 1, 2): Stat(),
(2, 1, 2, 1, 2, 0): Stat(),
(2, 1, 2, 1, 2, 1): Stat(),
(2, 1, 2, 1, 2, 2): Stat(),
(2, 1, 2, 2, 0, 0): Stat(),
(2, 1, 2, 2, 0, 1): Stat(),
(2, 1, 2, 2, 0, 2): Stat(),
(2, 1, 2, 2, 1, 0): Stat(),
(2, 1, 2, 2, 1, 1): Stat(),
(2, 1, 2, 2, 1, 2): Stat(),
(2, 1, 2, 2, 2, 0): Stat(),
(2, 1, 2, 2, 2, 1): Stat(),
(2, 1, 2, 2, 2, 2): Stat(),
(2, 2, 0, 0, 0, 0): Stat(),
(2, 2, 0, 0, 0, 1): Stat(),
(2, 2, 0, 0, 0, 2): Stat(),
(2, 2, 0, 0, 1, 0): Stat(),
(2, 2, 0, 0, 1, 1): Stat(),
(2, 2, 0, 0, 1, 2): Stat(),
(2, 2, 0, 0, 2, 0): Stat(),
(2, 2, 0, 0, 2, 1): Stat(),
(2, 2, 0, 0, 2, 2): Stat(),
(2, 2, 0, 1, 0, 0): Stat(),
(2, 2, 0, 1, 0, 1): Stat(),
(2, 2, 0, 1, 0, 2): Stat(),
(2, 2, 0, 1, 1, 0): Stat(),
(2, 2, 0, 1, 1, 1): Stat(),
(2, 2, 0, 1, 1, 2): Stat(),
(2, 2, 0, 1, 2, 0): Stat(),
(2, 2, 0, 1, 2, 1): Stat(),
(2, 2, 0, 1, 2, 2): Stat(),
(2, 2, 0, 2, 0, 0): Stat(),
(2, 2, 0, 2, 0, 1): Stat(),
(2, 2, 0, 2, 0, 2): Stat(),
(2, 2, 0, 2, 1, 0): Stat(),
(2, 2, 0, 2, 1, 1): Stat(),
(2, 2, 0, 2, 1, 2): Stat(),
(2, 2, 0, 2, 2, 0): Stat(),
(2, 2, 0, 2, 2, 1): Stat(),
(2, 2, 0, 2, 2, 2): Stat(),
(2, 2, 1, 0, 0, 0): Stat(),
(2, 2, 1, 0, 0, 1): Stat(),
(2, 2, 1, 0, 0, 2): Stat(),
(2, 2, 1, 0, 1, 0): Stat(),
(2, 2, 1, 0, 1, 1): Stat(),
(2, 2, 1, 0, 1, 2): Stat(),
(2, 2, 1, 0, 2, 0): Stat(),
(2, 2, 1, 0, 2, 1): Stat(),
(2, 2, 1, 0, 2, 2): Stat(),
(2, 2, 1, 1, 0, 0): Stat(),
(2, 2, 1, 1, 0, 1): Stat(),
(2, 2, 1, 1, 0, 2): Stat(),
(2, 2, 1, 1, 1, 0): Stat(),
(2, 2, 1, 1, 1, 1): Stat(),
(2, 2, 1, 1, 1, 2): Stat(),
(2, 2, 1, 1, 2, 0): Stat(),
(2, 2, 1, 1, 2, 1): Stat(),
(2, 2, 1, 1, 2, 2): Stat(),
(2, 2, 1, 2, 0, 0): Stat(),
(2, 2, 1, 2, 0, 1): Stat(),
(2, 2, 1, 2, 0, 2): Stat(),
(2, 2, 1, 2, 1, 0): Stat(),
(2, 2, 1, 2, 1, 1): Stat(),
(2, 2, 1, 2, 1, 2): Stat(),
(2, 2, 1, 2, 2, 0): Stat(),
(2, 2, 1, 2, 2, 1): Stat(),
(2, 2, 1, 2, 2, 2): Stat(),
(2, 2, 2, 0, 0, 0): Stat(),
(2, 2, 2, 0, 0, 1): Stat(),
(2, 2, 2, 0, 0, 2): Stat(),
(2, 2, 2, 0, 1, 0): Stat(),
(2, 2, 2, 0, 1, 1): Stat(),
(2, 2, 2, 0, 1, 2): Stat(),
(2, 2, 2, 0, 2, 0): Stat(),
(2, 2, 2, 0, 2, 1): Stat(),
(2, 2, 2, 0, 2, 2): Stat(),
(2, 2, 2, 1, 0, 0): Stat(),
(2, 2, 2, 1, 0, 1): Stat(),
(2, 2, 2, 1, 0, 2): Stat(),
(2, 2, 2, 1, 1, 0): Stat(),
(2, 2, 2, 1, 1, 1): Stat(),
(2, 2, 2, 1, 1, 2): Stat(),
(2, 2, 2, 1, 2, 0): Stat(),
(2, 2, 2, 1, 2, 1): Stat(),
(2, 2, 2, 1, 2, 2): Stat(),
(2, 2, 2, 2, 0, 0): Stat(),
(2, 2, 2, 2, 0, 1): Stat(),
(2, 2, 2, 2, 0, 2): Stat(),
(2, 2, 2, 2, 1, 0): Stat(),
(2, 2, 2, 2, 1, 1): Stat(),
(2, 2, 2, 2, 1, 2): Stat(),
(2, 2, 2, 2, 2, 0): Stat(),
(2, 2, 2, 2, 2, 1): Stat(),
(2, 2, 2, 2, 2, 2): Stat(),
